predClass	prob(neutral)	prob(likedSoft)	prob(linkedHard)	prob(soft)	prob(hard)
linkedSoft	0.021689	0.331962	0.216631	0.291122	0.138596
linkedSoft	0.078370	0.701742	0.216483	0.003220	0.000184
linkedHard	0.000004	0.116937	0.878347	0.002169	0.002542
hard	0.000004	0.011293	0.181073	0.124505	0.683125
linkedSoft	0.276507	0.390616	0.201819	0.097941	0.033117
linkedHard	0.010141	0.359510	0.630049	0.000283	0.000016
soft	0.011721	0.101929	0.056403	0.536967	0.292980
soft	0.025633	0.050635	0.010261	0.707027	0.206443
hard	0.000004	0.007671	0.099603	0.217562	0.675160
neutral	0.789914	0.173615	0.034363	0.001998	0.000110
linkedHard	0.000882	0.346890	0.652082	0.000143	0.000003
linkedSoft	0.014683	0.493246	0.491739	0.000318	0.000015
neutral	0.836334	0.133626	0.017393	0.012065	0.000581
linkedSoft	0.004111	0.516844	0.478964	0.000079	0.000001
linkedSoft	0.009102	0.552097	0.427099	0.011121	0.000581
hard	0.000024	0.022438	0.216834	0.157830	0.602873
linkedSoft	0.285005	0.600445	0.111374	0.003091	0.000085
soft	0.012069	0.176791	0.197846	0.314552	0.298741
hard	0.003012	0.149780	0.263066	0.203898	0.380244
linkedSoft	0.021504	0.658596	0.317671	0.002186	0.000044
linkedHard	0.000369	0.421582	0.572618	0.005135	0.000295
linkedHard	0.000424	0.189159	0.766191	0.023990	0.020237
neutral	0.767302	0.189731	0.034071	0.008457	0.000439
linkedHard	0.005064	0.352100	0.585970	0.040990	0.015876
hard	0.002297	0.155018	0.312236	0.184675	0.345774
hard	0.000027	0.040326	0.223372	0.158387	0.577889
linkedSoft	0.024690	0.780536	0.191604	0.003077	0.000093
linkedHard	0.000303	0.410705	0.587429	0.001507	0.000056
linkedSoft	0.097201	0.722426	0.177776	0.002541	0.000057
linkedHard	0.000729	0.333701	0.665446	0.000120	0.000004
neutral	0.450494	0.439410	0.108557	0.001502	0.000036
linkedSoft	0.108976	0.608027	0.282782	0.000211	0.000004
linkedHard	0.000000	0.016586	0.983412	0.000002	0.000000
linkedSoft	0.001849	0.514905	0.481283	0.001877	0.000086
neutral	0.585988	0.369271	0.042300	0.002404	0.000038
linkedHard	0.001291	0.363005	0.600435	0.029343	0.005926
linkedSoft	0.024628	0.519094	0.442928	0.012412	0.000938
linkedSoft	0.011417	0.489624	0.341064	0.132665	0.025230
soft	0.004266	0.068524	0.056079	0.475486	0.395645
linkedSoft	0.022876	0.462494	0.445686	0.051729	0.017215
neutral	0.900296	0.092254	0.005838	0.001594	0.000019
linkedHard	0.013146	0.213851	0.362984	0.127803	0.282216
hard	0.000009	0.014565	0.166586	0.176306	0.642534
linkedHard	0.004542	0.390412	0.603922	0.001003	0.000121
soft	0.102520	0.152383	0.054835	0.590176	0.100086
neutral	0.606830	0.352725	0.040137	0.000304	0.000004
linkedSoft	0.419245	0.476197	0.085904	0.018259	0.000395
hard	0.000001	0.015920	0.256803	0.080987	0.646290
linkedSoft	0.086206	0.667825	0.222666	0.022104	0.001199
linkedSoft	0.019243	0.618555	0.340938	0.019544	0.001721
linkedSoft	0.015811	0.532189	0.445588	0.006002	0.000410
linkedSoft	0.075804	0.685761	0.217002	0.020268	0.001165
neutral	0.509479	0.404585	0.084954	0.000962	0.000020
linkedHard	0.000741	0.346215	0.652864	0.000175	0.000005
neutral	0.462483	0.442866	0.073901	0.018726	0.002024
hard	0.000002	0.015912	0.159396	0.118280	0.706410
neutral	0.875439	0.053268	0.003673	0.065296	0.002324
soft	0.000652	0.196375	0.086338	0.484906	0.231729
linkedHard	0.000860	0.126982	0.392118	0.090337	0.389704
linkedSoft	0.036335	0.733806	0.229243	0.000611	0.000004
linkedHard	0.000367	0.410231	0.588370	0.001008	0.000024
linkedSoft	0.046664	0.513043	0.422132	0.015830	0.002332
linkedHard	0.000675	0.461736	0.469550	0.061548	0.006491
neutral	0.593931	0.298341	0.101230	0.005987	0.000510
linkedSoft	0.221989	0.551654	0.225537	0.000777	0.000043
linkedSoft	0.020379	0.526502	0.434694	0.016754	0.001672
linkedHard	0.000658	0.302722	0.695090	0.001205	0.000325
neutral	0.947076	0.030271	0.001059	0.020661	0.000933
linkedHard	0.007721	0.490905	0.499809	0.001477	0.000088
linkedHard	0.000027	0.191869	0.804538	0.002660	0.000905
linkedHard	0.057149	0.407684	0.498057	0.026407	0.010703
neutral	0.802280	0.151172	0.006833	0.038966	0.000749
linkedSoft	0.343847	0.518697	0.124176	0.012334	0.000945
linkedSoft	0.236118	0.569035	0.187469	0.007085	0.000292
linkedSoft	0.426351	0.460104	0.078766	0.032000	0.002778
neutral	0.623340	0.333853	0.039873	0.002892	0.000042
linkedHard	0.000422	0.398899	0.596307	0.004114	0.000258
linkedSoft	0.025965	0.513990	0.445049	0.013407	0.001589
soft	0.076625	0.351668	0.072403	0.420480	0.078823
linkedSoft	0.059480	0.661379	0.268085	0.010390	0.000665
linkedSoft	0.033709	0.573850	0.384652	0.007366	0.000424
linkedSoft	0.024789	0.524736	0.449276	0.001162	0.000037
linkedHard	0.008607	0.418082	0.573275	0.000035	0.000001
linkedSoft	0.299690	0.656233	0.043930	0.000147	0.000001
linkedSoft	0.158860	0.512388	0.326529	0.002105	0.000119
neutral	0.696941	0.254396	0.031764	0.016319	0.000580
hard	0.002109	0.133210	0.340329	0.161751	0.362602
linkedSoft	0.011894	0.575646	0.411869	0.000570	0.000022
linkedSoft	0.142865	0.337244	0.109727	0.320437	0.089727
hard	0.000023	0.039742	0.290015	0.136610	0.533609
linkedSoft	0.021747	0.529299	0.445968	0.002821	0.000164
hard	0.001037	0.124739	0.343940	0.158897	0.371386
linkedSoft	0.185393	0.576300	0.166699	0.067111	0.004497
linkedSoft	0.003131	0.629072	0.367394	0.000400	0.000004
linkedSoft	0.004552	0.531591	0.461712	0.002024	0.000121
linkedHard	0.008776	0.391881	0.591971	0.006275	0.001098
linkedHard	0.000013	0.153221	0.841537	0.003237	0.001993
linkedSoft	0.003557	0.593880	0.401107	0.001435	0.000020
soft	0.003496	0.141367	0.136371	0.379037	0.339729
hard	0.001188	0.057064	0.112071	0.357696	0.471981
neutral	0.872100	0.076453	0.008645	0.040340	0.002463
linkedSoft	0.227512	0.559422	0.211613	0.001399	0.000055
linkedSoft	0.042764	0.637385	0.319231	0.000603	0.000017
linkedHard	0.000129	0.180102	0.819698	0.000067	0.000005
linkedHard	0.002937	0.385874	0.611023	0.000160	0.000005
neutral	0.560172	0.326282	0.074468	0.036767	0.002311
neutral	0.880856	0.106036	0.009416	0.003594	0.000098
linkedHard	0.001914	0.367018	0.630917	0.000143	0.000008
linkedSoft	0.008657	0.359694	0.323010	0.211907	0.096732
linkedSoft	0.014089	0.683158	0.302268	0.000477	0.000008
linkedHard	0.002492	0.329588	0.659557	0.006221	0.002143
hard	0.000038	0.021182	0.111768	0.225151	0.641860
hard	0.000003	0.021552	0.248421	0.122522	0.607501
linkedHard	0.000109	0.308144	0.691743	0.000004	0.000000
linkedHard	0.002931	0.437911	0.547743	0.010285	0.001129
linkedHard	0.006523	0.466408	0.526750	0.000307	0.000012
neutral	0.776455	0.145860	0.015299	0.060282	0.002104
linkedSoft	0.000865	0.669245	0.329874	0.000016	0.000000
linkedSoft	0.009001	0.516410	0.474485	0.000102	0.000002
linkedHard	0.000001	0.093294	0.788291	0.023069	0.095345
linkedSoft	0.254928	0.578552	0.151092	0.014089	0.001339
linkedSoft	0.067186	0.656073	0.276037	0.000693	0.000011
linkedSoft	0.012370	0.510535	0.475853	0.001176	0.000067
hard	0.000094	0.085733	0.320183	0.210105	0.383885
hard	0.003958	0.159333	0.175713	0.322174	0.338823
linkedHard	0.016937	0.434400	0.547732	0.000863	0.000068
linkedHard	0.000569	0.388465	0.605758	0.004775	0.000433
linkedSoft	0.155187	0.587692	0.256969	0.000145	0.000007
neutral	0.908639	0.075890	0.004446	0.010893	0.000132
linkedSoft	0.007472	0.620131	0.361878	0.009986	0.000532
linkedSoft	0.305675	0.506772	0.164747	0.021816	0.000990
linkedHard	0.000107	0.206247	0.793581	0.000064	0.000002
soft	0.004966	0.093245	0.023572	0.609633	0.268583
linkedSoft	0.024485	0.641098	0.333689	0.000717	0.000012
linkedHard	0.018216	0.227899	0.563343	0.086254	0.104289
linkedHard	0.002708	0.473859	0.523000	0.000423	0.000010
linkedSoft	0.002738	0.535842	0.460363	0.001030	0.000028
hard	0.000006	0.029686	0.251831	0.150274	0.568204
linkedHard	0.000000	0.024154	0.975842	0.000003	0.000001
neutral	0.486393	0.439835	0.060139	0.013197	0.000436
linkedSoft	0.074317	0.802441	0.101090	0.021601	0.000551
linkedHard	0.010913	0.453315	0.535407	0.000356	0.000009
linkedSoft	0.010174	0.532070	0.457268	0.000482	0.000006
linkedHard	0.000281	0.142693	0.856369	0.000549	0.000108
hard	0.000092	0.033259	0.151720	0.226412	0.588518
neutral	0.870812	0.109665	0.016472	0.002860	0.000191
hard	0.000001	0.033282	0.285354	0.136258	0.545105
neutral	0.512809	0.401243	0.081233	0.004509	0.000207
linkedHard	0.000002	0.061866	0.938102	0.000023	0.000008
hard	0.001019	0.059322	0.095459	0.355864	0.488336
linkedHard	0.000012	0.170092	0.789215	0.024027	0.016654
linkedSoft	0.202571	0.653156	0.136870	0.007248	0.000155
neutral	0.454956	0.367926	0.172927	0.003970	0.000221
linkedSoft	0.046434	0.523034	0.339253	0.080148	0.011132
hard	0.004558	0.126565	0.209647	0.300385	0.358845
linkedHard	0.001008	0.456878	0.465043	0.068218	0.008852
neutral	0.692394	0.249425	0.016964	0.040133	0.001085
linkedHard	0.004058	0.348365	0.639968	0.006542	0.001067
linkedSoft	0.255415	0.560012	0.182080	0.002356	0.000137
linkedSoft	0.060396	0.553827	0.384535	0.001158	0.000083
soft	0.005854	0.155413	0.212037	0.320880	0.305815
linkedHard	0.000078	0.124444	0.873505	0.001509	0.000464
hard	0.000011	0.059102	0.432148	0.051341	0.457398
linkedHard	0.000136	0.457872	0.541732	0.000257	0.000004
neutral	0.909279	0.075237	0.005613	0.009578	0.000292
linkedHard	0.007137	0.467581	0.517717	0.006830	0.000734
linkedSoft	0.018166	0.531462	0.450343	0.000029	0.000000
linkedHard	0.001098	0.298436	0.699659	0.000768	0.000038
neutral	0.826700	0.145511	0.010557	0.016419	0.000813
linkedSoft	0.213872	0.488787	0.293136	0.003900	0.000305
linkedSoft	0.155185	0.436581	0.404394	0.003305	0.000535
neutral	0.749698	0.209233	0.027209	0.012730	0.001130
linkedSoft	0.003346	0.530147	0.465292	0.001152	0.000063
neutral	0.952000	0.027884	0.001579	0.017944	0.000593
neutral	0.865431	0.073758	0.011645	0.043030	0.006136
linkedHard	0.000184	0.488329	0.511378	0.000107	0.000001
linkedHard	0.000122	0.119276	0.880152	0.000299	0.000151
linkedSoft	0.044619	0.622114	0.332972	0.000289	0.000006
neutral	0.982278	0.015134	0.000808	0.001749	0.000031
linkedSoft	0.000952	0.619957	0.378971	0.000119	0.000000
neutral	0.550095	0.328775	0.086208	0.030447	0.004475
neutral	0.989573	0.009815	0.000131	0.000479	0.000003
linkedSoft	0.411444	0.504250	0.081350	0.002916	0.000042
linkedHard	0.013139	0.439262	0.547384	0.000206	0.000010
linkedSoft	0.015822	0.554208	0.394959	0.030022	0.004988
linkedSoft	0.019099	0.548000	0.421392	0.010597	0.000913
linkedSoft	0.422290	0.552525	0.021003	0.004167	0.000016
neutral	0.596602	0.347230	0.043414	0.012288	0.000467
linkedHard	0.000173	0.242244	0.706264	0.025429	0.025889
hard	0.000029	0.021439	0.155881	0.206364	0.616287
hard	0.000000	0.001619	0.030788	0.169482	0.798111
linkedHard	0.014308	0.207837	0.393894	0.118060	0.265901
neutral	0.958702	0.036793	0.002113	0.002354	0.000038
linkedSoft	0.048634	0.657572	0.287492	0.006032	0.000270
linkedSoft	0.026428	0.596402	0.341155	0.033307	0.002707
neutral	0.855477	0.134884	0.007868	0.001715	0.000056
linkedSoft	0.159523	0.553374	0.283986	0.002985	0.000132
linkedSoft	0.142522	0.590200	0.219337	0.043017	0.004924
linkedSoft	0.032994	0.571419	0.374944	0.018839	0.001804
linkedHard	0.000011	0.039405	0.561452	0.056617	0.342514
neutral	0.823406	0.146964	0.022884	0.006425	0.000321
linkedHard	0.000011	0.159828	0.840149	0.000012	0.000000
linkedHard	0.075974	0.450485	0.468645	0.004438	0.000458
linkedHard	0.000575	0.380482	0.618357	0.000569	0.000018
hard	0.000054	0.010847	0.128812	0.080077	0.780210
linkedHard	0.017055	0.449695	0.463987	0.056403	0.012860
neutral	0.485897	0.367195	0.068814	0.070696	0.007398
neutral	0.749345	0.082815	0.009073	0.147875	0.010892
neutral	0.850959	0.083885	0.003982	0.059539	0.001635
linkedHard	0.000015	0.174005	0.825961	0.000019	0.000000
linkedSoft	0.163670	0.530915	0.278245	0.022260	0.004910
soft	0.046655	0.194233	0.039865	0.525859	0.193389
linkedSoft	0.326555	0.479938	0.187423	0.005622	0.000462
neutral	0.566083	0.253820	0.011624	0.163653	0.004821
linkedHard	0.000013	0.146250	0.853591	0.000111	0.000035
linkedHard	0.000514	0.272826	0.726251	0.000358	0.000051
linkedHard	0.000054	0.427567	0.570927	0.001385	0.000068
soft	0.002400	0.137093	0.124445	0.417918	0.318144
hard	0.000286	0.105226	0.172244	0.276608	0.445636
neutral	0.951392	0.040123	0.002078	0.006266	0.000142
hard	0.000046	0.130443	0.237554	0.232320	0.399637
hard	0.001377	0.104599	0.248475	0.220391	0.425158
linkedSoft	0.099664	0.551714	0.338985	0.008814	0.000823
linkedHard	0.003209	0.494378	0.502127	0.000281	0.000005
linkedHard	0.000289	0.306013	0.596086	0.072785	0.024827
linkedHard	0.000199	0.378057	0.621696	0.000046	0.000001
linkedSoft	0.002239	0.543202	0.450164	0.004160	0.000235
linkedSoft	0.006618	0.575757	0.410288	0.006907	0.000430
neutral	0.834496	0.141315	0.017519	0.006462	0.000207
linkedSoft	0.001554	0.491025	0.484322	0.021510	0.001588
hard	0.000160	0.041742	0.071759	0.381887	0.504452
linkedSoft	0.005081	0.594167	0.215560	0.166804	0.018389
linkedSoft	0.226859	0.602140	0.169769	0.001199	0.000032
linkedSoft	0.010647	0.551214	0.437779	0.000349	0.000010
linkedSoft	0.025702	0.490679	0.482501	0.001030	0.000087
linkedSoft	0.000271	0.614386	0.382276	0.003017	0.000049
linkedHard	0.000464	0.181207	0.347547	0.241689	0.229093
linkedHard	0.002738	0.471868	0.525286	0.000106	0.000002
linkedHard	0.000010	0.161453	0.815723	0.012331	0.010482
linkedSoft	0.026823	0.560664	0.412313	0.000193	0.000007
neutral	0.664008	0.251836	0.028067	0.051325	0.004764
neutral	0.641452	0.140095	0.031140	0.162445	0.024868
linkedHard	0.000054	0.151375	0.847467	0.000569	0.000534
linkedHard	0.018195	0.363420	0.560745	0.040147	0.017492
soft	0.020488	0.230183	0.252067	0.314771	0.182492
linkedSoft	0.063223	0.646170	0.290356	0.000245	0.000006
linkedSoft	0.099182	0.715623	0.176418	0.008449	0.000329
hard	0.001096	0.083828	0.245785	0.219145	0.450146
hard	0.000377	0.088790	0.161731	0.274332	0.474770
linkedHard	0.000139	0.158029	0.841743	0.000082	0.000007
linkedHard	0.000022	0.055833	0.457703	0.048270	0.438172
linkedHard	0.000074	0.305432	0.694471	0.000024	0.000000
linkedSoft	0.021229	0.559858	0.415772	0.002963	0.000179
linkedHard	0.002454	0.268840	0.668995	0.041514	0.018197
linkedSoft	0.013780	0.531267	0.447147	0.007131	0.000676
linkedHard	0.001152	0.279773	0.714471	0.003359	0.001245
linkedSoft	0.125139	0.645559	0.150747	0.074135	0.004420
linkedSoft	0.042829	0.526926	0.428497	0.001658	0.000090
hard	0.000726	0.015855	0.073888	0.197466	0.712065
neutral	0.576633	0.367759	0.054735	0.000863	0.000010
soft	0.020623	0.155698	0.095891	0.394294	0.333495
soft	0.091342	0.299958	0.148467	0.344071	0.116161
linkedHard	0.000084	0.147288	0.852483	0.000132	0.000012
neutral	0.955840	0.037440	0.001321	0.005333	0.000067
linkedHard	0.008275	0.442219	0.549225	0.000271	0.000009
linkedHard	0.000540	0.225209	0.772863	0.001138	0.000250
linkedHard	0.000056	0.290570	0.709314	0.000058	0.000002
linkedHard	0.001722	0.386730	0.610450	0.001017	0.000082
linkedSoft	0.009175	0.742249	0.232051	0.015721	0.000803
hard	0.000578	0.012797	0.020270	0.386328	0.580026
neutral	0.749172	0.186870	0.048079	0.015211	0.000668
linkedHard	0.001018	0.460468	0.537936	0.000558	0.000020
neutral	0.960024	0.035057	0.000875	0.004007	0.000037
soft	0.223667	0.237773	0.098220	0.325500	0.114839
hard	0.000346	0.078469	0.138383	0.307749	0.475054
linkedHard	0.000884	0.409682	0.589350	0.000083	0.000001
linkedHard	0.024464	0.431565	0.542713	0.001158	0.000100
linkedSoft	0.191035	0.690546	0.070948	0.046326	0.001145
linkedHard	0.008324	0.425993	0.565420	0.000255	0.000009
linkedHard	0.026554	0.428118	0.538657	0.006195	0.000476
linkedHard	0.001225	0.237595	0.679007	0.037212	0.044961
linkedHard	0.000048	0.176082	0.819860	0.002899	0.001111
neutral	0.784634	0.186819	0.024120	0.004238	0.000189
linkedHard	0.007743	0.157175	0.317898	0.237086	0.280099
linkedHard	0.000089	0.249508	0.748199	0.001471	0.000734
linkedHard	0.001771	0.140064	0.779125	0.028459	0.050580
linkedSoft	0.054068	0.480387	0.443257	0.017835	0.004453
linkedSoft	0.064558	0.573527	0.348689	0.011979	0.001247
neutral	0.614810	0.341543	0.040413	0.003165	0.000069
linkedSoft	0.254838	0.450021	0.290949	0.003956	0.000236
neutral	0.545688	0.062654	0.007473	0.354188	0.029997
linkedSoft	0.368026	0.448137	0.182129	0.001593	0.000115
neutral	0.652594	0.224113	0.058918	0.058211	0.006163
hard	0.011401	0.168641	0.268330	0.166576	0.385052
linkedSoft	0.034234	0.807126	0.157884	0.000750	0.000006
linkedSoft	0.013881	0.576045	0.366720	0.040272	0.003081
neutral	0.473471	0.117259	0.007970	0.356863	0.044437
neutral	0.310016	0.294545	0.188871	0.162505	0.044063
linkedHard	0.000717	0.268203	0.729652	0.001059	0.000369
linkedHard	0.000028	0.048766	0.434580	0.095686	0.420941
hard	0.000000	0.009891	0.422404	0.032837	0.534867
linkedHard	0.000491	0.304609	0.692612	0.001882	0.000405
neutral	0.928758	0.060438	0.004584	0.006081	0.000138
linkedHard	0.001591	0.469785	0.527587	0.000989	0.000048
hard	0.005779	0.066888	0.176697	0.251686	0.498951
linkedSoft	0.003745	0.553573	0.442572	0.000109	0.000001
linkedSoft	0.076491	0.633887	0.288501	0.001082	0.000039
linkedHard	0.000020	0.192691	0.682268	0.066404	0.058617
hard	0.000985	0.151586	0.258239	0.267461	0.321729
linkedSoft	0.025942	0.556258	0.417472	0.000314	0.000014
neutral	0.500990	0.459888	0.034076	0.004951	0.000094
linkedSoft	0.004440	0.555284	0.440212	0.000064	0.000001
linkedSoft	0.003561	0.584190	0.411949	0.000296	0.000004
hard	0.000239	0.115058	0.219540	0.233014	0.432149
linkedHard	0.003117	0.311307	0.685163	0.000373	0.000039
linkedSoft	0.007964	0.894235	0.093411	0.004367	0.000023
neutral	0.680511	0.208593	0.026022	0.079836	0.005038
linkedHard	0.008029	0.357364	0.542967	0.062368	0.029272
linkedSoft	0.012547	0.510932	0.475499	0.000981	0.000042
neutral	0.877863	0.103323	0.008946	0.009482	0.000387
linkedSoft	0.022883	0.676159	0.300717	0.000238	0.000004
linkedHard	0.001531	0.368433	0.628149	0.001775	0.000112
linkedHard	0.000598	0.287977	0.710937	0.000450	0.000038
linkedSoft	0.030674	0.511874	0.456855	0.000570	0.000026
linkedSoft	0.344847	0.593828	0.059910	0.001381	0.000034
hard	0.005114	0.176227	0.306250	0.181611	0.330797
linkedSoft	0.172195	0.524874	0.046448	0.243490	0.012993
linkedHard	0.007744	0.418875	0.573297	0.000081	0.000002
linkedHard	0.000030	0.102700	0.889294	0.004714	0.003261
linkedSoft	0.004420	0.863895	0.125861	0.005783	0.000041
linkedSoft	0.054851	0.592619	0.349716	0.002665	0.000149
linkedHard	0.000003	0.138741	0.849094	0.007026	0.005136
neutral	0.626737	0.330300	0.040352	0.002525	0.000086
neutral	0.792634	0.165232	0.035269	0.006565	0.000300
linkedHard	0.015996	0.470763	0.487947	0.021737	0.003557
hard	0.000109	0.021436	0.066074	0.347203	0.565178
linkedHard	0.004463	0.383733	0.611591	0.000202	0.000011
linkedSoft	0.015234	0.516187	0.468415	0.000160	0.000003
hard	0.022877	0.178502	0.209330	0.173667	0.415623
linkedSoft	0.094931	0.737626	0.163286	0.004051	0.000105
neutral	0.612495	0.274029	0.019460	0.092564	0.001452
linkedSoft	0.007214	0.599429	0.390758	0.002538	0.000061
hard	0.000203	0.029917	0.186629	0.180785	0.602466
hard	0.001414	0.091766	0.240059	0.210315	0.456446
linkedHard	0.000229	0.209202	0.404415	0.204890	0.181263
neutral	0.966223	0.016596	0.000510	0.016479	0.000192
linkedHard	0.001027	0.461170	0.536851	0.000922	0.000031
linkedHard	0.001739	0.497301	0.500656	0.000299	0.000004
linkedHard	0.000034	0.362333	0.637534	0.000098	0.000001
neutral	0.503416	0.202546	0.050430	0.195287	0.048321
linkedSoft	0.002164	0.553153	0.444285	0.000393	0.000004
neutral	0.622768	0.317424	0.054702	0.004788	0.000318
linkedHard	0.001636	0.371629	0.626638	0.000095	0.000002
hard	0.005467	0.141903	0.295228	0.166275	0.391127
hard	0.000800	0.085626	0.159418	0.300481	0.453675
linkedSoft	0.039088	0.501716	0.458289	0.000847	0.000060
linkedHard	0.000150	0.284606	0.715092	0.000143	0.000009
soft	0.008424	0.118755	0.116558	0.402263	0.353999
neutral	0.848477	0.095807	0.015048	0.035487	0.005180
neutral	0.837198	0.144389	0.012051	0.006291	0.000071
linkedSoft	0.019884	0.697869	0.279987	0.002221	0.000040
linkedHard	0.000229	0.278011	0.620120	0.072282	0.029358
hard	0.000081	0.015845	0.037695	0.423637	0.522742
linkedSoft	0.011051	0.542993	0.432636	0.012341	0.000980
linkedSoft	0.212380	0.665990	0.114605	0.006896	0.000128
neutral	0.655244	0.315985	0.021162	0.007439	0.000171
linkedSoft	0.006983	0.520801	0.411974	0.050862	0.009380
linkedSoft	0.004709	0.539997	0.454459	0.000803	0.000033
linkedSoft	0.211403	0.663723	0.101555	0.022456	0.000864
linkedHard	0.006339	0.412605	0.580927	0.000123	0.000006
linkedSoft	0.015580	0.571906	0.412401	0.000110	0.000003
neutral	0.820170	0.167459	0.009720	0.002611	0.000040
linkedSoft	0.012559	0.754461	0.223156	0.009657	0.000167
neutral	0.648966	0.333956	0.012914	0.004127	0.000037
neutral	0.651453	0.273796	0.053401	0.019753	0.001598
linkedHard	0.000002	0.063069	0.936922	0.000006	0.000000
linkedSoft	0.268395	0.422847	0.263650	0.041733	0.003374
linkedHard	0.003049	0.372981	0.623385	0.000561	0.000023
linkedSoft	0.146114	0.668980	0.183270	0.001602	0.000034
linkedHard	0.000000	0.069791	0.911772	0.005887	0.012549
linkedHard	0.004316	0.252885	0.741760	0.000777	0.000262
linkedHard	0.002034	0.483106	0.514752	0.000107	0.000001
neutral	0.795781	0.189472	0.006970	0.007693	0.000084
linkedSoft	0.000151	0.695174	0.304654	0.000021	0.000000
hard	0.000102	0.058400	0.227653	0.224398	0.489446
linkedSoft	0.319777	0.598904	0.077112	0.004116	0.000091
neutral	0.924891	0.068210	0.004418	0.002433	0.000049
linkedSoft	0.234133	0.654949	0.089594	0.020487	0.000837
hard	0.001414	0.077963	0.250529	0.236436	0.433658
linkedSoft	0.424946	0.499925	0.068472	0.006444	0.000213
linkedSoft	0.003081	0.555950	0.440664	0.000304	0.000002
linkedHard	0.000016	0.103183	0.896768	0.000029	0.000003
neutral	0.706766	0.268831	0.023694	0.000697	0.000011
linkedSoft	0.030615	0.485015	0.482084	0.002113	0.000173
linkedSoft	0.254037	0.609916	0.135323	0.000710	0.000015
neutral	0.796296	0.178659	0.024141	0.000881	0.000022
neutral	0.554387	0.344290	0.061188	0.038817	0.001319
linkedSoft	0.076037	0.637567	0.270935	0.014764	0.000697
linkedHard	0.002377	0.418699	0.578737	0.000180	0.000007
hard	0.000413	0.094146	0.308128	0.175667	0.421645
linkedHard	0.000042	0.235294	0.764054	0.000522	0.000089
linkedSoft	0.209751	0.451959	0.336709	0.001517	0.000064
linkedHard	0.000088	0.330496	0.668827	0.000566	0.000022
linkedHard	0.009256	0.414471	0.574343	0.001830	0.000099
linkedHard	0.000384	0.300991	0.697467	0.000958	0.000200
linkedHard	0.035281	0.297235	0.454097	0.077714	0.135673
linkedHard	0.008614	0.444462	0.542179	0.004248	0.000497
neutral	0.842884	0.137406	0.011128	0.008410	0.000172
neutral	0.910782	0.077576	0.006478	0.005036	0.000128
hard	0.000180	0.014058	0.048339	0.218388	0.719035
linkedHard	0.000938	0.285459	0.618847	0.055385	0.039370
linkedSoft	0.142334	0.469789	0.378734	0.008313	0.000830
linkedSoft	0.104813	0.523102	0.369461	0.002367	0.000258
linkedSoft	0.047027	0.569332	0.370745	0.011972	0.000923
linkedHard	0.000054	0.141362	0.858214	0.000297	0.000073
soft	0.188919	0.147248	0.019319	0.587454	0.057060
neutral	0.987425	0.004565	0.000070	0.007876	0.000064
linkedSoft	0.109592	0.738000	0.144119	0.008056	0.000233
neutral	0.871478	0.108622	0.004002	0.015683	0.000215
linkedHard	0.000000	0.034608	0.964525	0.000114	0.000754
linkedSoft	0.294157	0.521711	0.168879	0.013971	0.001281
linkedHard	0.006093	0.202031	0.372468	0.160636	0.258771
linkedSoft	0.070843	0.683570	0.244750	0.000806	0.000030
linkedHard	0.016138	0.474661	0.506618	0.002340	0.000242
linkedSoft	0.047358	0.573684	0.374060	0.004687	0.000210
linkedHard	0.050954	0.390612	0.546190	0.009045	0.003199
linkedSoft	0.168301	0.730866	0.076771	0.023661	0.000401
linkedSoft	0.373407	0.528760	0.089412	0.008208	0.000213
linkedHard	0.000544	0.261356	0.721005	0.011145	0.005949
hard	0.025899	0.168134	0.181288	0.301173	0.323505
linkedHard	0.003455	0.420772	0.575717	0.000054	0.000003
neutral	0.654263	0.314656	0.025602	0.005398	0.000080
neutral	0.831794	0.122424	0.014416	0.029554	0.001812
linkedSoft	0.283149	0.648478	0.049826	0.018244	0.000302
linkedSoft	0.042181	0.603916	0.350360	0.003335	0.000207
linkedSoft	0.040074	0.484653	0.474188	0.001028	0.000057
linkedHard	0.000042	0.240613	0.747741	0.008839	0.002765
linkedHard	0.052755	0.440167	0.496923	0.008522	0.001633
linkedSoft	0.086724	0.818040	0.094372	0.000858	0.000006
linkedSoft	0.119511	0.819035	0.059476	0.001967	0.000010
linkedHard	0.009484	0.404681	0.585299	0.000484	0.000052
linkedSoft	0.085745	0.812165	0.100828	0.001251	0.000010
neutral	0.768108	0.191477	0.014800	0.024819	0.000796
linkedHard	0.000770	0.469474	0.529618	0.000137	0.000001
linkedSoft	0.033504	0.547273	0.405757	0.012514	0.000951
linkedHard	0.000185	0.211976	0.787685	0.000141	0.000014
linkedSoft	0.059456	0.451442	0.418236	0.055728	0.015137
neutral	0.982677	0.014530	0.000256	0.002521	0.000016
linkedHard	0.002367	0.346620	0.634154	0.012320	0.004539
linkedHard	0.015479	0.408888	0.571089	0.004075	0.000468
linkedHard	0.000066	0.190493	0.765348	0.025346	0.018747
linkedHard	0.002564	0.492838	0.504541	0.000056	0.000001
neutral	0.833408	0.134912	0.021153	0.009682	0.000844
linkedSoft	0.006104	0.302301	0.277689	0.287893	0.126013
neutral	0.571231	0.342545	0.077382	0.008565	0.000276
linkedSoft	0.052341	0.567566	0.372590	0.007208	0.000296
linkedHard	0.004163	0.460637	0.532755	0.002268	0.000177
neutral	0.493138	0.383560	0.058644	0.059603	0.005055
linkedHard	0.000357	0.270737	0.725182	0.002738	0.000986
soft	0.045782	0.167682	0.156354	0.326289	0.303893
hard	0.001229	0.142656	0.330173	0.178522	0.347419
neutral	0.479412	0.413471	0.105379	0.001669	0.000069
hard	0.000611	0.090671	0.271562	0.234350	0.402805
neutral	0.783968	0.054101	0.005313	0.149808	0.006811
linkedHard	0.096997	0.344721	0.547661	0.007711	0.002910
neutral	0.795656	0.102512	0.009271	0.087703	0.004858
linkedHard	0.001806	0.197076	0.679180	0.058606	0.063332
linkedSoft	0.042887	0.542033	0.332578	0.060857	0.021645
neutral	0.632763	0.229991	0.064546	0.063024	0.009676
linkedHard	0.001329	0.314599	0.683892	0.000173	0.000007
neutral	0.830628	0.137476	0.007707	0.023303	0.000886
linkedSoft	0.026981	0.706893	0.264281	0.001812	0.000033
neutral	0.830122	0.136035	0.013841	0.019050	0.000951
neutral	0.764485	0.055305	0.005601	0.162414	0.012195
neutral	0.962567	0.033107	0.000851	0.003452	0.000022
linkedHard	0.000291	0.415006	0.584686	0.000018	0.000000
linkedHard	0.015130	0.468585	0.511880	0.004088	0.000318
neutral	0.847892	0.134079	0.016369	0.001590	0.000071
linkedHard	0.002407	0.397659	0.570063	0.022211	0.007659
linkedHard	0.000002	0.148694	0.851303	0.000002	0.000000
linkedHard	0.001405	0.401917	0.590173	0.005098	0.001407
linkedSoft	0.113182	0.710113	0.167211	0.009144	0.000350
linkedHard	0.000005	0.116978	0.882806	0.000180	0.000031
neutral	0.866009	0.045860	0.005466	0.077735	0.004931
linkedSoft	0.105714	0.619488	0.268870	0.005643	0.000285
soft	0.006499	0.164564	0.040545	0.683988	0.104404
linkedHard	0.004270	0.137372	0.464813	0.135368	0.258176
neutral	0.977786	0.019843	0.000775	0.001575	0.000022
linkedSoft	0.006119	0.594389	0.399380	0.000110	0.000001
hard	0.000062	0.069174	0.266225	0.268653	0.395886
linkedSoft	0.117037	0.500217	0.382292	0.000433	0.000021
linkedHard	0.005508	0.463686	0.522679	0.007593	0.000534
linkedHard	0.000867	0.214704	0.769812	0.009466	0.005152
soft	0.028789	0.033642	0.012322	0.667258	0.257990
hard	0.000017	0.046506	0.405507	0.070617	0.477353
linkedSoft	0.230030	0.607943	0.161018	0.000991	0.000018
linkedHard	0.000704	0.354255	0.645022	0.000018	0.000000
linkedHard	0.001395	0.170360	0.309951	0.210658	0.307635
linkedHard	0.001917	0.333524	0.656263	0.006209	0.002087
linkedSoft	0.004867	0.509599	0.485231	0.000299	0.000004
linkedHard	0.000013	0.170289	0.829581	0.000111	0.000006
neutral	0.606951	0.247871	0.087503	0.047644	0.010032
hard	0.003270	0.100134	0.172064	0.305638	0.418895
soft	0.091829	0.256272	0.158151	0.350270	0.143479
linkedSoft	0.015258	0.634854	0.338159	0.010977	0.000752
soft	0.002924	0.331975	0.190891	0.345523	0.128687
linkedSoft	0.320325	0.609006	0.067790	0.002811	0.000068
linkedHard	0.000275	0.382536	0.616662	0.000502	0.000025
linkedHard	0.000480	0.141559	0.785117	0.027633	0.045211
linkedSoft	0.215149	0.588527	0.116692	0.071841	0.007791
hard	0.000761	0.154059	0.325645	0.174521	0.345015
linkedSoft	0.056993	0.763440	0.178845	0.000715	0.000008
neutral	0.473417	0.449032	0.054757	0.022125	0.000668
neutral	0.722329	0.227687	0.048445	0.001457	0.000082
soft	0.010195	0.125318	0.021940	0.687176	0.155370
linkedHard	0.000006	0.065670	0.934255	0.000054	0.000016
linkedHard	0.000155	0.131535	0.787189	0.028265	0.052856
linkedSoft	0.089883	0.692939	0.214141	0.002987	0.000050
linkedHard	0.000064	0.291286	0.586977	0.040446	0.081226
linkedHard	0.001256	0.478827	0.519830	0.000087	0.000001
linkedSoft	0.074566	0.544071	0.360445	0.016849	0.004068
linkedSoft	0.400743	0.490112	0.108540	0.000598	0.000007
linkedHard	0.000170	0.131197	0.384782	0.207539	0.276312
hard	0.000000	0.000166	0.062792	0.026974	0.910068
linkedSoft	0.209240	0.456964	0.319155	0.013525	0.001115
linkedHard	0.000016	0.108601	0.460075	0.157315	0.273993
neutral	0.952421	0.036979	0.002276	0.008144	0.000180
hard	0.000112	0.052616	0.158125	0.278584	0.510563
linkedHard	0.004062	0.413642	0.575789	0.005957	0.000550
linkedHard	0.001703	0.150299	0.327750	0.193062	0.327185
neutral	0.949197	0.046987	0.002422	0.001369	0.000025
soft	0.072101	0.428860	0.025927	0.452144	0.020968
neutral	0.539744	0.419373	0.036711	0.004069	0.000103
linkedHard	0.000955	0.385401	0.613293	0.000337	0.000013
linkedSoft	0.199153	0.667171	0.133602	0.000074	0.000001
linkedSoft	0.037830	0.698712	0.262640	0.000802	0.000016
linkedHard	0.000016	0.232177	0.763867	0.003018	0.000921
neutral	0.982347	0.017220	0.000388	0.000044	0.000001
linkedSoft	0.143465	0.529667	0.326079	0.000757	0.000031
neutral	0.918159	0.044063	0.003331	0.033554	0.000892
linkedHard	0.000001	0.037571	0.962425	0.000002	0.000000
linkedSoft	0.074266	0.639634	0.274878	0.010598	0.000623
linkedHard	0.000824	0.197407	0.507075	0.135986	0.158708
linkedSoft	0.006671	0.543500	0.449128	0.000687	0.000014
linkedSoft	0.141096	0.613850	0.228679	0.015511	0.000864
neutral	0.977947	0.020303	0.000465	0.001272	0.000014
neutral	0.415946	0.324340	0.132085	0.102034	0.025595
neutral	0.599253	0.318587	0.080210	0.001873	0.000078
linkedHard	0.003529	0.435323	0.547178	0.011402	0.002568
linkedHard	0.001539	0.364297	0.563916	0.051445	0.018803
linkedSoft	0.037306	0.651533	0.308764	0.002302	0.000095
neutral	0.547249	0.348966	0.083429	0.019442	0.000915
neutral	0.651461	0.300552	0.036930	0.010628	0.000428
linkedSoft	0.099430	0.573989	0.326169	0.000397	0.000015
linkedSoft	0.276701	0.625880	0.081494	0.015571	0.000354
linkedHard	0.001836	0.449770	0.548021	0.000365	0.000008
neutral	0.793617	0.198307	0.004311	0.003755	0.000011
hard	0.000181	0.043718	0.156334	0.270384	0.529384
linkedSoft	0.141150	0.638164	0.198296	0.020563	0.001827
hard	0.002110	0.126492	0.136066	0.365026	0.370306
linkedSoft	0.002720	0.611234	0.380141	0.005672	0.000234
linkedHard	0.000861	0.416387	0.582726	0.000025	0.000000
hard	0.001008	0.088546	0.132299	0.316586	0.461562
linkedHard	0.007737	0.424866	0.566069	0.001231	0.000098
neutral	0.986368	0.012030	0.000155	0.001437	0.000009
neutral	0.633208	0.192002	0.035187	0.131746	0.007857
linkedHard	0.017972	0.457418	0.522140	0.002338	0.000133
linkedSoft	0.053093	0.542261	0.404202	0.000424	0.000019
linkedHard	0.026460	0.472408	0.486417	0.011830	0.002885
soft	0.007918	0.140979	0.111779	0.418679	0.320644
linkedSoft	0.071138	0.539130	0.324966	0.048560	0.016205
hard	0.000218	0.062474	0.143890	0.281456	0.511963
linkedHard	0.040941	0.277033	0.379282	0.165464	0.137280
linkedSoft	0.042336	0.497253	0.457906	0.002316	0.000190
linkedSoft	0.015505	0.759523	0.221583	0.003328	0.000061
linkedSoft	0.006336	0.620296	0.351389	0.020778	0.001201
linkedHard	0.000002	0.219142	0.780475	0.000354	0.000026
linkedHard	0.025438	0.432527	0.538508	0.003211	0.000315
linkedSoft	0.007956	0.518646	0.472423	0.000896	0.000079
linkedHard	0.000246	0.258058	0.740320	0.001129	0.000247
linkedHard	0.000381	0.426550	0.573003	0.000066	0.000000
linkedHard	0.000847	0.141880	0.668000	0.066123	0.123150
linkedHard	0.000062	0.235960	0.763423	0.000521	0.000035
linkedHard	0.002844	0.413758	0.581369	0.001951	0.000077
hard	0.000037	0.031824	0.265858	0.154542	0.547739
linkedSoft	0.014894	0.554607	0.429498	0.000969	0.000032
neutral	0.867661	0.102926	0.007952	0.020860	0.000601
linkedSoft	0.073980	0.435686	0.185716	0.234419	0.070198
linkedSoft	0.000639	0.737731	0.259751	0.001864	0.000014
hard	0.000043	0.043910	0.199386	0.201714	0.554947
linkedSoft	0.156224	0.661110	0.087705	0.088951	0.006010
hard	0.003799	0.131607	0.142596	0.342993	0.379005
linkedHard	0.000614	0.264501	0.706994	0.020126	0.007766
linkedHard	0.000137	0.093084	0.468044	0.061301	0.377434
linkedHard	0.000306	0.241452	0.758169	0.000070	0.000002
linkedHard	0.000418	0.225592	0.773742	0.000191	0.000057
linkedSoft	0.133044	0.710324	0.144437	0.011750	0.000444
linkedHard	0.000533	0.247208	0.722760	0.016507	0.012991
linkedHard	0.002977	0.151686	0.377361	0.137792	0.330184
linkedSoft	0.328176	0.473570	0.168622	0.027181	0.002451
linkedSoft	0.103788	0.558110	0.332645	0.005042	0.000415
linkedSoft	0.196226	0.534181	0.238979	0.025781	0.004832
neutral	0.930118	0.065797	0.002390	0.001681	0.000015
hard	0.000094	0.055427	0.221070	0.224262	0.499146
linkedHard	0.000077	0.143952	0.822592	0.016350	0.017030
linkedSoft	0.018119	0.668117	0.312945	0.000811	0.000009
linkedSoft	0.035556	0.544326	0.416925	0.002852	0.000341
linkedHard	0.000433	0.339177	0.660365	0.000024	0.000000
neutral	0.945914	0.033077	0.003971	0.016203	0.000834
neutral	0.744271	0.208262	0.045891	0.001517	0.000060
linkedHard	0.010047	0.280714	0.345876	0.198635	0.164727
linkedHard	0.005478	0.435563	0.558831	0.000124	0.000005
neutral	0.798523	0.182305	0.013214	0.005779	0.000178
neutral	0.884937	0.085809	0.004891	0.023758	0.000605
linkedSoft	0.081908	0.604960	0.312904	0.000225	0.000004
linkedSoft	0.053594	0.510964	0.415456	0.016898	0.003088
linkedHard	0.019429	0.222493	0.356053	0.178600	0.223425
linkedSoft	0.225560	0.583907	0.037319	0.148910	0.004305
linkedHard	0.002209	0.444155	0.547016	0.006162	0.000458
linkedSoft	0.318457	0.474652	0.205725	0.001093	0.000074
linkedHard	0.001045	0.428039	0.568070	0.002516	0.000330
linkedSoft	0.024142	0.620300	0.342751	0.011871	0.000937
soft	0.000484	0.137721	0.189684	0.392617	0.279494
linkedSoft	0.347477	0.583153	0.044809	0.024226	0.000335
neutral	0.911675	0.060891	0.003110	0.023775	0.000550
linkedHard	0.008612	0.348306	0.642274	0.000730	0.000078
linkedSoft	0.060388	0.597352	0.317707	0.023278	0.001275
soft	0.317613	0.047581	0.006455	0.562242	0.066109
hard	0.000037	0.039276	0.100932	0.286286	0.573470
linkedHard	0.003803	0.430887	0.564367	0.000893	0.000050
neutral	0.866372	0.116474	0.007679	0.009226	0.000250
linkedSoft	0.006981	0.621178	0.368657	0.003001	0.000183
linkedHard	0.005465	0.388036	0.605996	0.000461	0.000042
linkedSoft	0.131421	0.623847	0.137646	0.102257	0.004828
linkedHard	0.003447	0.479415	0.516943	0.000193	0.000002
neutral	0.865299	0.125170	0.005261	0.004159	0.000111
linkedHard	0.026361	0.209254	0.328206	0.134750	0.301429
linkedHard	0.004477	0.418911	0.573088	0.003204	0.000320
linkedHard	0.033047	0.424085	0.481897	0.045097	0.015874
linkedHard	0.000274	0.278355	0.720902	0.000450	0.000019
linkedHard	0.012186	0.475692	0.510251	0.001794	0.000077
linkedSoft	0.105316	0.636346	0.257175	0.001125	0.000037
linkedHard	0.000413	0.166079	0.829812	0.002586	0.001109
linkedHard	0.000892	0.354122	0.644948	0.000037	0.000001
linkedHard	0.000079	0.164308	0.767385	0.024551	0.043677
linkedSoft	0.004898	0.687212	0.300102	0.007440	0.000348
linkedHard	0.036959	0.315188	0.593160	0.032212	0.022481
linkedSoft	0.041184	0.643190	0.315596	0.000029	0.000001
neutral	0.783623	0.163354	0.032626	0.017962	0.002435
linkedHard	0.000003	0.076329	0.922920	0.000513	0.000235
linkedSoft	0.017084	0.513586	0.467141	0.002095	0.000094
linkedHard	0.000185	0.261372	0.737015	0.001268	0.000161
linkedHard	0.018881	0.415799	0.563185	0.001971	0.000165
linkedSoft	0.014784	0.500360	0.480391	0.004212	0.000254
soft	0.003239	0.138331	0.037266	0.620183	0.200980
linkedSoft	0.288184	0.576727	0.095258	0.037754	0.002076
linkedHard	0.002754	0.205325	0.343400	0.249938	0.198583
linkedSoft	0.024759	0.538335	0.434644	0.002178	0.000084
linkedHard	0.110289	0.403531	0.452605	0.028291	0.005284
linkedSoft	0.002619	0.597659	0.394356	0.005077	0.000289
hard	0.000994	0.156026	0.276813	0.206496	0.359671
linkedSoft	0.011687	0.504262	0.479100	0.004682	0.000269
linkedHard	0.022378	0.241241	0.296167	0.238069	0.202144
linkedSoft	0.440441	0.458076	0.059518	0.039825	0.002140
linkedSoft	0.003776	0.589921	0.399913	0.005944	0.000445
linkedHard	0.003929	0.370461	0.610131	0.012459	0.003021
neutral	0.909494	0.074542	0.012914	0.002899	0.000151
linkedSoft	0.036453	0.579530	0.382985	0.001003	0.000028
linkedSoft	0.002877	0.523718	0.453913	0.018436	0.001056
linkedSoft	0.156314	0.503293	0.313757	0.022353	0.004284
linkedHard	0.000004	0.051692	0.832483	0.030395	0.085426
linkedSoft	0.186797	0.511125	0.286091	0.013769	0.002218
hard	0.000027	0.038072	0.190812	0.182651	0.588438
neutral	0.924780	0.063944	0.003161	0.007926	0.000189
linkedSoft	0.249960	0.578798	0.170281	0.000910	0.000051
soft	0.004799	0.266118	0.152590	0.353021	0.223473
linkedSoft	0.180407	0.466530	0.348153	0.004340	0.000570
linkedSoft	0.141015	0.630184	0.224174	0.004516	0.000111
hard	0.000179	0.073007	0.337293	0.128236	0.461285
linkedHard	0.013298	0.270169	0.297160	0.221939	0.197434
linkedHard	0.127123	0.379205	0.460425	0.024673	0.008574
linkedHard	0.001761	0.383731	0.598602	0.011873	0.004034
linkedSoft	0.164187	0.665824	0.169683	0.000301	0.000005
linkedSoft	0.422876	0.453341	0.113380	0.009712	0.000692
neutral	0.978724	0.014558	0.000362	0.006231	0.000125
hard	0.000088	0.064652	0.386553	0.093768	0.454939
hard	0.000921	0.130473	0.207428	0.318182	0.342996
neutral	0.483082	0.376500	0.134556	0.005634	0.000228
soft	0.184574	0.199660	0.105229	0.351553	0.158984
hard	0.000408	0.094345	0.131051	0.342920	0.431276
linkedSoft	0.055555	0.750773	0.191634	0.001986	0.000052
neutral	0.664850	0.305814	0.026721	0.002582	0.000033
hard	0.067956	0.206356	0.209588	0.204313	0.311787
linkedSoft	0.041712	0.533596	0.421544	0.002938	0.000210
linkedSoft	0.003603	0.697283	0.290848	0.007890	0.000375
linkedHard	0.002505	0.379045	0.615055	0.002393	0.001002
neutral	0.912484	0.049016	0.001196	0.037066	0.000238
linkedSoft	0.014814	0.419194	0.414416	0.118958	0.032618
linkedSoft	0.024633	0.792460	0.167781	0.014723	0.000403
linkedSoft	0.059400	0.468299	0.268263	0.165086	0.038952
linkedHard	0.012018	0.214231	0.586296	0.084626	0.102829
linkedHard	0.000001	0.312313	0.686899	0.000764	0.000023
linkedSoft	0.367480	0.472134	0.142458	0.015990	0.001938
linkedHard	0.003261	0.407439	0.589070	0.000222	0.000007
linkedSoft	0.004637	0.504609	0.490367	0.000379	0.000008
neutral	0.990341	0.008480	0.000251	0.000912	0.000016
linkedSoft	0.174113	0.337642	0.089971	0.334121	0.064153
linkedSoft	0.050496	0.514901	0.430756	0.003572	0.000275
neutral	0.874290	0.100397	0.008551	0.016369	0.000392
linkedSoft	0.015911	0.626554	0.353035	0.004343	0.000156
linkedHard	0.057152	0.402928	0.537997	0.001773	0.000150
neutral	0.928690	0.059047	0.003003	0.009151	0.000110
linkedSoft	0.002232	0.572891	0.403323	0.020148	0.001407
linkedHard	0.002095	0.369145	0.628701	0.000058	0.000001
linkedSoft	0.160679	0.532021	0.269522	0.031407	0.006370
neutral	0.796052	0.065253	0.002839	0.130406	0.005450
linkedSoft	0.025690	0.646252	0.320253	0.007513	0.000292
neutral	0.620761	0.196999	0.067295	0.087002	0.027943
neutral	0.923129	0.067115	0.004692	0.004997	0.000066
linkedHard	0.011584	0.405806	0.581213	0.001285	0.000113
linkedHard	0.001354	0.444866	0.456355	0.071772	0.025652
linkedHard	0.001164	0.373642	0.559557	0.055724	0.009914
linkedSoft	0.007762	0.723047	0.268727	0.000460	0.000004
linkedSoft	0.034057	0.664356	0.301142	0.000436	0.000008
linkedSoft	0.143687	0.541937	0.143273	0.152717	0.018386
neutral	0.974170	0.018930	0.001125	0.005584	0.000190
linkedSoft	0.401879	0.535494	0.052404	0.009934	0.000289
linkedSoft	0.004255	0.524258	0.447305	0.022367	0.001815
soft	0.010542	0.109983	0.013671	0.711919	0.153885
soft	0.003048	0.191381	0.139609	0.439553	0.226410
soft	0.048338	0.094064	0.015075	0.746929	0.095594
neutral	0.940563	0.049752	0.002903	0.006597	0.000184
